
0.03125,0.03125,0.03125,0.03125,0.09375,0.03125,0.09375,0.03125,0.15625,0.03125,0.15625,0.03125,0.21875,0.03125,0.21875,0.03125,
0.28125,0.03125,0.28125,0.03125,0.34375,0.03125,0.34375,0.03125,0.40625,0.03125,0.40625,0.03125,0.46875,0.03125,0.46875,0.03125,
0.53125,0.03125,0.53125,0.03125,0.59375,0.03125,0.59375,0.03125,0.65625,0.03125,0.65625,0.03125,0.71875,0.03125,0.71875,0.03125,
0.78125,0.03125,0.78125,0.03125,0.84375,0.03125,0.84375,0.03125,0.90625,0.03125,0.90625,0.03125,0.96875,0.03125,0.96875,0.03125,
0.03125,0.09375,0.03125,0.09375,0.09375,0.09375,0.09375,0.09375,0.15625,0.09375,0.15625,0.09375,0.21875,0.09375,0.21875,0.09375,
0.28125,0.09375,0.28125,0.09375,0.34375,0.09375,0.34375,0.09375,0.40625,0.09375,0.40625,0.09375,0.46875,0.09375,0.46875,0.09375,
0.53125,0.09375,0.53125,0.09375,0.59375,0.09375,0.59375,0.09375,0.65625,0.09375,0.65625,0.09375,0.71875,0.09375,0.71875,0.09375,
0.78125,0.09375,0.78125,0.09375,0.84375,0.09375,0.84375,0.09375,0.90625,0.09375,0.90625,0.09375,0.96875,0.09375,0.96875,0.09375,
0.03125,0.15625,0.03125,0.15625,0.09375,0.15625,0.09375,0.15625,0.15625,0.15625,0.15625,0.15625,0.21875,0.15625,0.21875,0.15625,
0.28125,0.15625,0.28125,0.15625,0.34375,0.15625,0.34375,0.15625,0.40625,0.15625,0.40625,0.15625,0.46875,0.15625,0.46875,0.15625,
0.53125,0.15625,0.53125,0.15625,0.59375,0.15625,0.59375,0.15625,0.65625,0.15625,0.65625,0.15625,0.71875,0.15625,0.71875,0.15625,
0.78125,0.15625,0.78125,0.15625,0.84375,0.15625,0.84375,0.15625,0.90625,0.15625,0.90625,0.15625,0.96875,0.15625,0.96875,0.15625,
0.03125,0.21875,0.03125,0.21875,0.09375,0.21875,0.09375,0.21875,0.15625,0.21875,0.15625,0.21875,0.21875,0.21875,0.21875,0.21875,
0.28125,0.21875,0.28125,0.21875,0.34375,0.21875,0.34375,0.21875,0.40625,0.21875,0.40625,0.21875,0.46875,0.21875,0.46875,0.21875,
0.53125,0.21875,0.53125,0.21875,0.59375,0.21875,0.59375,0.21875,0.65625,0.21875,0.65625,0.21875,0.71875,0.21875,0.71875,0.21875,
0.78125,0.21875,0.78125,0.21875,0.84375,0.21875,0.84375,0.21875,0.90625,0.21875,0.90625,0.21875,0.96875,0.21875,0.96875,0.21875,
0.03125,0.28125,0.03125,0.28125,0.09375,0.28125,0.09375,0.28125,0.15625,0.28125,0.15625,0.28125,0.21875,0.28125,0.21875,0.28125,
0.28125,0.28125,0.28125,0.28125,0.34375,0.28125,0.34375,0.28125,0.40625,0.28125,0.40625,0.28125,0.46875,0.28125,0.46875,0.28125,
0.53125,0.28125,0.53125,0.28125,0.59375,0.28125,0.59375,0.28125,0.65625,0.28125,0.65625,0.28125,0.71875,0.28125,0.71875,0.28125,
0.78125,0.28125,0.78125,0.28125,0.84375,0.28125,0.84375,0.28125,0.90625,0.28125,0.90625,0.28125,0.96875,0.28125,0.96875,0.28125,
0.03125,0.34375,0.03125,0.34375,0.09375,0.34375,0.09375,0.34375,0.15625,0.34375,0.15625,0.34375,0.21875,0.34375,0.21875,0.34375,
0.28125,0.34375,0.28125,0.34375,0.34375,0.34375,0.34375,0.34375,0.40625,0.34375,0.40625,0.34375,0.46875,0.34375,0.46875,0.34375,
0.53125,0.34375,0.53125,0.34375,0.59375,0.34375,0.59375,0.34375,0.65625,0.34375,0.65625,0.34375,0.71875,0.34375,0.71875,0.34375,
0.78125,0.34375,0.78125,0.34375,0.84375,0.34375,0.84375,0.34375,0.90625,0.34375,0.90625,0.34375,0.96875,0.34375,0.96875,0.34375,
0.03125,0.40625,0.03125,0.40625,0.09375,0.40625,0.09375,0.40625,0.15625,0.40625,0.15625,0.40625,0.21875,0.40625,0.21875,0.40625,
0.28125,0.40625,0.28125,0.40625,0.34375,0.40625,0.34375,0.40625,0.40625,0.40625,0.40625,0.40625,0.46875,0.40625,0.46875,0.40625,
0.53125,0.40625,0.53125,0.40625,0.59375,0.40625,0.59375,0.40625,0.65625,0.40625,0.65625,0.40625,0.71875,0.40625,0.71875,0.40625,
0.78125,0.40625,0.78125,0.40625,0.84375,0.40625,0.84375,0.40625,0.90625,0.40625,0.90625,0.40625,0.96875,0.40625,0.96875,0.40625,
0.03125,0.46875,0.03125,0.46875,0.09375,0.46875,0.09375,0.46875,0.15625,0.46875,0.15625,0.46875,0.21875,0.46875,0.21875,0.46875,
0.28125,0.46875,0.28125,0.46875,0.34375,0.46875,0.34375,0.46875,0.40625,0.46875,0.40625,0.46875,0.46875,0.46875,0.46875,0.46875,
0.53125,0.46875,0.53125,0.46875,0.59375,0.46875,0.59375,0.46875,0.65625,0.46875,0.65625,0.46875,0.71875,0.46875,0.71875,0.46875,
0.78125,0.46875,0.78125,0.46875,0.84375,0.46875,0.84375,0.46875,0.90625,0.46875,0.90625,0.46875,0.96875,0.46875,0.96875,0.46875,
0.03125,0.53125,0.03125,0.53125,0.09375,0.53125,0.09375,0.53125,0.15625,0.53125,0.15625,0.53125,0.21875,0.53125,0.21875,0.53125,
0.28125,0.53125,0.28125,0.53125,0.34375,0.53125,0.34375,0.53125,0.40625,0.53125,0.40625,0.53125,0.46875,0.53125,0.46875,0.53125,
0.53125,0.53125,0.53125,0.53125,0.59375,0.53125,0.59375,0.53125,0.65625,0.53125,0.65625,0.53125,0.71875,0.53125,0.71875,0.53125,
0.78125,0.53125,0.78125,0.53125,0.84375,0.53125,0.84375,0.53125,0.90625,0.53125,0.90625,0.53125,0.96875,0.53125,0.96875,0.53125,
0.03125,0.59375,0.03125,0.59375,0.09375,0.59375,0.09375,0.59375,0.15625,0.59375,0.15625,0.59375,0.21875,0.59375,0.21875,0.59375,
0.28125,0.59375,0.28125,0.59375,0.34375,0.59375,0.34375,0.59375,0.40625,0.59375,0.40625,0.59375,0.46875,0.59375,0.46875,0.59375,
0.53125,0.59375,0.53125,0.59375,0.59375,0.59375,0.59375,0.59375,0.65625,0.59375,0.65625,0.59375,0.71875,0.59375,0.71875,0.59375,
0.78125,0.59375,0.78125,0.59375,0.84375,0.59375,0.84375,0.59375,0.90625,0.59375,0.90625,0.59375,0.96875,0.59375,0.96875,0.59375,
0.03125,0.65625,0.03125,0.65625,0.09375,0.65625,0.09375,0.65625,0.15625,0.65625,0.15625,0.65625,0.21875,0.65625,0.21875,0.65625,
0.28125,0.65625,0.28125,0.65625,0.34375,0.65625,0.34375,0.65625,0.40625,0.65625,0.40625,0.65625,0.46875,0.65625,0.46875,0.65625,
0.53125,0.65625,0.53125,0.65625,0.59375,0.65625,0.59375,0.65625,0.65625,0.65625,0.65625,0.65625,0.71875,0.65625,0.71875,0.65625,
0.78125,0.65625,0.78125,0.65625,0.84375,0.65625,0.84375,0.65625,0.90625,0.65625,0.90625,0.65625,0.96875,0.65625,0.96875,0.65625,
0.03125,0.71875,0.03125,0.71875,0.09375,0.71875,0.09375,0.71875,0.15625,0.71875,0.15625,0.71875,0.21875,0.71875,0.21875,0.71875,
0.28125,0.71875,0.28125,0.71875,0.34375,0.71875,0.34375,0.71875,0.40625,0.71875,0.40625,0.71875,0.46875,0.71875,0.46875,0.71875,
0.53125,0.71875,0.53125,0.71875,0.59375,0.71875,0.59375,0.71875,0.65625,0.71875,0.65625,0.71875,0.71875,0.71875,0.71875,0.71875,
0.78125,0.71875,0.78125,0.71875,0.84375,0.71875,0.84375,0.71875,0.90625,0.71875,0.90625,0.71875,0.96875,0.71875,0.96875,0.71875,
0.03125,0.78125,0.03125,0.78125,0.09375,0.78125,0.09375,0.78125,0.15625,0.78125,0.15625,0.78125,0.21875,0.78125,0.21875,0.78125,
0.28125,0.78125,0.28125,0.78125,0.34375,0.78125,0.34375,0.78125,0.40625,0.78125,0.40625,0.78125,0.46875,0.78125,0.46875,0.78125,
0.53125,0.78125,0.53125,0.78125,0.59375,0.78125,0.59375,0.78125,0.65625,0.78125,0.65625,0.78125,0.71875,0.78125,0.71875,0.78125,
0.78125,0.78125,0.78125,0.78125,0.84375,0.78125,0.84375,0.78125,0.90625,0.78125,0.90625,0.78125,0.96875,0.78125,0.96875,0.78125,
0.03125,0.84375,0.03125,0.84375,0.09375,0.84375,0.09375,0.84375,0.15625,0.84375,0.15625,0.84375,0.21875,0.84375,0.21875,0.84375,
0.28125,0.84375,0.28125,0.84375,0.34375,0.84375,0.34375,0.84375,0.40625,0.84375,0.40625,0.84375,0.46875,0.84375,0.46875,0.84375,
0.53125,0.84375,0.53125,0.84375,0.59375,0.84375,0.59375,0.84375,0.65625,0.84375,0.65625,0.84375,0.71875,0.84375,0.71875,0.84375,
0.78125,0.84375,0.78125,0.84375,0.84375,0.84375,0.84375,0.84375,0.90625,0.84375,0.90625,0.84375,0.96875,0.84375,0.96875,0.84375,
0.03125,0.90625,0.03125,0.90625,0.09375,0.90625,0.09375,0.90625,0.15625,0.90625,0.15625,0.90625,0.21875,0.90625,0.21875,0.90625,
0.28125,0.90625,0.28125,0.90625,0.34375,0.90625,0.34375,0.90625,0.40625,0.90625,0.40625,0.90625,0.46875,0.90625,0.46875,0.90625,
0.53125,0.90625,0.53125,0.90625,0.59375,0.90625,0.59375,0.90625,0.65625,0.90625,0.65625,0.90625,0.71875,0.90625,0.71875,0.90625,
0.78125,0.90625,0.78125,0.90625,0.84375,0.90625,0.84375,0.90625,0.90625,0.90625,0.90625,0.90625,0.96875,0.90625,0.96875,0.90625,
0.03125,0.96875,0.03125,0.96875,0.09375,0.96875,0.09375,0.96875,0.15625,0.96875,0.15625,0.96875,0.21875,0.96875,0.21875,0.96875,
0.28125,0.96875,0.28125,0.96875,0.34375,0.96875,0.34375,0.96875,0.40625,0.96875,0.40625,0.96875,0.46875,0.96875,0.46875,0.96875,
0.53125,0.96875,0.53125,0.96875,0.59375,0.96875,0.59375,0.96875,0.65625,0.96875,0.65625,0.96875,0.71875,0.96875,0.71875,0.96875,
0.78125,0.96875,0.78125,0.96875,0.84375,0.96875,0.84375,0.96875,0.90625,0.96875,0.90625,0.96875,0.96875,0.96875,0.96875,0.96875,
0.06250,0.06250,0.06250,0.06250,0.06250,0.06250,0.06250,0.06250,0.06250,0.06250,0.06250,0.06250,0.18750,0.06250,0.18750,0.06250,
0.18750,0.06250,0.18750,0.06250,0.18750,0.06250,0.18750,0.06250,0.31250,0.06250,0.31250,0.06250,0.31250,0.06250,0.31250,0.06250,
0.31250,0.06250,0.31250,0.06250,0.43750,0.06250,0.43750,0.06250,0.43750,0.06250,0.43750,0.06250,0.43750,0.06250,0.43750,0.06250,
0.56250,0.06250,0.56250,0.06250,0.56250,0.06250,0.56250,0.06250,0.56250,0.06250,0.56250,0.06250,0.68750,0.06250,0.68750,0.06250,
0.68750,0.06250,0.68750,0.06250,0.68750,0.06250,0.68750,0.06250,0.81250,0.06250,0.81250,0.06250,0.81250,0.06250,0.81250,0.06250,
0.81250,0.06250,0.81250,0.06250,0.93750,0.06250,0.93750,0.06250,0.93750,0.06250,0.93750,0.06250,0.93750,0.06250,0.93750,0.06250,
0.06250,0.18750,0.06250,0.18750,0.06250,0.18750,0.06250,0.18750,0.06250,0.18750,0.06250,0.18750,0.18750,0.18750,0.18750,0.18750,
0.18750,0.18750,0.18750,0.18750,0.18750,0.18750,0.18750,0.18750,0.31250,0.18750,0.31250,0.18750,0.31250,0.18750,0.31250,0.18750,
0.31250,0.18750,0.31250,0.18750,0.43750,0.18750,0.43750,0.18750,0.43750,0.18750,0.43750,0.18750,0.43750,0.18750,0.43750,0.18750,
0.56250,0.18750,0.56250,0.18750,0.56250,0.18750,0.56250,0.18750,0.56250,0.18750,0.56250,0.18750,0.68750,0.18750,0.68750,0.18750,
0.68750,0.18750,0.68750,0.18750,0.68750,0.18750,0.68750,0.18750,0.81250,0.18750,0.81250,0.18750,0.81250,0.18750,0.81250,0.18750,
0.81250,0.18750,0.81250,0.18750,0.93750,0.18750,0.93750,0.18750,0.93750,0.18750,0.93750,0.18750,0.93750,0.18750,0.93750,0.18750,
0.06250,0.31250,0.06250,0.31250,0.06250,0.31250,0.06250,0.31250,0.06250,0.31250,0.06250,0.31250,0.18750,0.31250,0.18750,0.31250,
0.18750,0.31250,0.18750,0.31250,0.18750,0.31250,0.18750,0.31250,0.31250,0.31250,0.31250,0.31250,0.31250,0.31250,0.31250,0.31250,
0.31250,0.31250,0.31250,0.31250,0.43750,0.31250,0.43750,0.31250,0.43750,0.31250,0.43750,0.31250,0.43750,0.31250,0.43750,0.31250,
0.56250,0.31250,0.56250,0.31250,0.56250,0.31250,0.56250,0.31250,0.56250,0.31250,0.56250,0.31250,0.68750,0.31250,0.68750,0.31250,
0.68750,0.31250,0.68750,0.31250,0.68750,0.31250,0.68750,0.31250,0.81250,0.31250,0.81250,0.31250,0.81250,0.31250,0.81250,0.31250,
0.81250,0.31250,0.81250,0.31250,0.93750,0.31250,0.93750,0.31250,0.93750,0.31250,0.93750,0.31250,0.93750,0.31250,0.93750,0.31250,
0.06250,0.43750,0.06250,0.43750,0.06250,0.43750,0.06250,0.43750,0.06250,0.43750,0.06250,0.43750,0.18750,0.43750,0.18750,0.43750,
0.18750,0.43750,0.18750,0.43750,0.18750,0.43750,0.18750,0.43750,0.31250,0.43750,0.31250,0.43750,0.31250,0.43750,0.31250,0.43750,
0.31250,0.43750,0.31250,0.43750,0.43750,0.43750,0.43750,0.43750,0.43750,0.43750,0.43750,0.43750,0.43750,0.43750,0.43750,0.43750,
0.56250,0.43750,0.56250,0.43750,0.56250,0.43750,0.56250,0.43750,0.56250,0.43750,0.56250,0.43750,0.68750,0.43750,0.68750,0.43750,
0.68750,0.43750,0.68750,0.43750,0.68750,0.43750,0.68750,0.43750,0.81250,0.43750,0.81250,0.43750,0.81250,0.43750,0.81250,0.43750,
0.81250,0.43750,0.81250,0.43750,0.93750,0.43750,0.93750,0.43750,0.93750,0.43750,0.93750,0.43750,0.93750,0.43750,0.93750,0.43750,
0.06250,0.56250,0.06250,0.56250,0.06250,0.56250,0.06250,0.56250,0.06250,0.56250,0.06250,0.56250,0.18750,0.56250,0.18750,0.56250,
0.18750,0.56250,0.18750,0.56250,0.18750,0.56250,0.18750,0.56250,0.31250,0.56250,0.31250,0.56250,0.31250,0.56250,0.31250,0.56250,
0.31250,0.56250,0.31250,0.56250,0.43750,0.56250,0.43750,0.56250,0.43750,0.56250,0.43750,0.56250,0.43750,0.56250,0.43750,0.56250,
0.56250,0.56250,0.56250,0.56250,0.56250,0.56250,0.56250,0.56250,0.56250,0.56250,0.56250,0.56250,0.68750,0.56250,0.68750,0.56250,
0.68750,0.56250,0.68750,0.56250,0.68750,0.56250,0.68750,0.56250,0.81250,0.56250,0.81250,0.56250,0.81250,0.56250,0.81250,0.56250,
0.81250,0.56250,0.81250,0.56250,0.93750,0.56250,0.93750,0.56250,0.93750,0.56250,0.93750,0.56250,0.93750,0.56250,0.93750,0.56250,
0.06250,0.68750,0.06250,0.68750,0.06250,0.68750,0.06250,0.68750,0.06250,0.68750,0.06250,0.68750,0.18750,0.68750,0.18750,0.68750,
0.18750,0.68750,0.18750,0.68750,0.18750,0.68750,0.18750,0.68750,0.31250,0.68750,0.31250,0.68750,0.31250,0.68750,0.31250,0.68750,
0.31250,0.68750,0.31250,0.68750,0.43750,0.68750,0.43750,0.68750,0.43750,0.68750,0.43750,0.68750,0.43750,0.68750,0.43750,0.68750,
0.56250,0.68750,0.56250,0.68750,0.56250,0.68750,0.56250,0.68750,0.56250,0.68750,0.56250,0.68750,0.68750,0.68750,0.68750,0.68750,
0.68750,0.68750,0.68750,0.68750,0.68750,0.68750,0.68750,0.68750,0.81250,0.68750,0.81250,0.68750,0.81250,0.68750,0.81250,0.68750,
0.81250,0.68750,0.81250,0.68750,0.93750,0.68750,0.93750,0.68750,0.93750,0.68750,0.93750,0.68750,0.93750,0.68750,0.93750,0.68750,
0.06250,0.81250,0.06250,0.81250,0.06250,0.81250,0.06250,0.81250,0.06250,0.81250,0.06250,0.81250,0.18750,0.81250,0.18750,0.81250,
0.18750,0.81250,0.18750,0.81250,0.18750,0.81250,0.18750,0.81250,0.31250,0.81250,0.31250,0.81250,0.31250,0.81250,0.31250,0.81250,
0.31250,0.81250,0.31250,0.81250,0.43750,0.81250,0.43750,0.81250,0.43750,0.81250,0.43750,0.81250,0.43750,0.81250,0.43750,0.81250,
0.56250,0.81250,0.56250,0.81250,0.56250,0.81250,0.56250,0.81250,0.56250,0.81250,0.56250,0.81250,0.68750,0.81250,0.68750,0.81250,
0.68750,0.81250,0.68750,0.81250,0.68750,0.81250,0.68750,0.81250,0.81250,0.81250,0.81250,0.81250,0.81250,0.81250,0.81250,0.81250,
0.81250,0.81250,0.81250,0.81250,0.93750,0.81250,0.93750,0.81250,0.93750,0.81250,0.93750,0.81250,0.93750,0.81250,0.93750,0.81250,
0.06250,0.93750,0.06250,0.93750,0.06250,0.93750,0.06250,0.93750,0.06250,0.93750,0.06250,0.93750,0.18750,0.93750,0.18750,0.93750,
0.18750,0.93750,0.18750,0.93750,0.18750,0.93750,0.18750,0.93750,0.31250,0.93750,0.31250,0.93750,0.31250,0.93750,0.31250,0.93750,
0.31250,0.93750,0.31250,0.93750,0.43750,0.93750,0.43750,0.93750,0.43750,0.93750,0.43750,0.93750,0.43750,0.93750,0.43750,0.93750,
0.56250,0.93750,0.56250,0.93750,0.56250,0.93750,0.56250,0.93750,0.56250,0.93750,0.56250,0.93750,0.68750,0.93750,0.68750,0.93750,
0.68750,0.93750,0.68750,0.93750,0.68750,0.93750,0.68750,0.93750,0.81250,0.93750,0.81250,0.93750,0.81250,0.93750,0.81250,0.93750,
0.81250,0.93750,0.81250,0.93750,0.93750,0.93750,0.93750,0.93750,0.93750,0.93750,0.93750,0.93750,0.93750,0.93750,0.93750,0.93750,